00000000000000001010 11100 0110111
00000000000000000001 11101 0110111
0000000 11100 11101 100 01100 1100011
000000000000 11100 000 11101 00100 11
00000000000000001010 00000 11011 11
00000000000000000001 11110 0110111
00000000000000000001 11111 0110111
00000000000000000010 00101 0110111
0000000 11100 00101 101 11000 11000 11
000000000000 11101 000 11111 00100 11
0000000 11101 11110 000 11101 01100 11
000000000000 11111 000 11110 00100 11
000000000001 00101 000 00101 00100 11
11111111111111101101 11111 11011 11
000000000000 11101 000 01010 00100 11


0000 0000 0000 0000 1010 1110 0011 0111
0000 0000 0000 0000 0001 1110 1011 0111
0000 0001 1100 1110 1100 0110 0110 0011
0000 0000 0000 1110 0000 1110 1001 0011
0000 0000 0000 0000 1010 0000 0110 1111
0000 0000 0000 0000 0001 1111 0011 0111
0000 0000 0000 0000 0001 1111 1011 0111
0000 0000 0000 0000 0010 0010 1011 0111
0000 0001 1100 0010 1101 1100 0110 0011
0000 0000 0000 1110 1000 1111 1001 0011
0000 0001 1101 1111 0000 1110 1011 0011
0000 0000 0000 1111 1000 1111 0001 0011
0000 0000 0001 0010 1000 0010 1001 0011
1111 1111 1111 1110 1101 1111 1110 1111
0000 0000 0000 1110 1000 0101 0001 0011




0 0 0 0 A E 3 7
0 0 0 0 1 E B 7
0 1 C E C 6 6 3
0 0 0 E 0 E 9 3
0 0 0 0 A 0 6 F
0 0 0 0 1 F 3 7
0 0 0 0 1 F B 7
0 0 0 0 2 2 B 7
0 1 C 2 D C 6 3
0 0 0 E 8 F 9 3
0 1 D F 0 E B 3
0 0 0 F 8 F 1 3
0 0 1 2 8 2 9 3
F F F E D F E F
0 0 0 E 8 5 1 3